Tue Nov  5 08:56:30 2019
1 1 -270 12163 101 100
Tue Nov  5 08:56:30 2019
1 2 -270 12163 102 99
Tue Nov  5 08:56:30 2019
1 3 -270 12164 101 98
Tue Nov  5 08:56:30 2019
1 4 -269 12165 100 97
Tue Nov  5 08:56:30 2019
1 5 -270 12162 100 97
Tue Nov  5 08:56:30 2019
1 6 -270 12163 100 96
Tue Nov  5 08:56:30 2019
1 7 -270 12164 101 94
Tue Nov  5 08:56:30 2019
1 8 -269 12165 102 95
Tue Nov  5 08:56:30 2019
1 9 -269 12165 103 96
Tue Nov  5 08:56:30 2019
1 10 -268 12166 103 97
Tue Nov  5 08:56:30 2019
1 11 -268 12167 103 98
Tue Nov  5 08:56:30 2019
1 12 -267 12164 104 99
Tue Nov  5 08:56:30 2019
1 13 -267 12164 105 98
Tue Nov  5 08:56:30 2019
1 14 -267 12165 106 96
Tue Nov  5 08:56:30 2019
1 15 -267 12164 107 94
Tue Nov  5 08:56:30 2019
1 16 -268 12162 108 93
Tue Nov  5 08:56:30 2019
1 17 -268 12161 109 94
Tue Nov  5 08:56:30 2019
1 18 -269 12160 105 95
Tue Nov  5 08:56:30 2019
1 19 -269 12161 103 96
Tue Nov  5 08:56:30 2019
1 20 -268 12162 100 97
Tue Nov  5 08:56:30 2019
1 21 -268 12163 100 98
Tue Nov  5 08:56:30 2019
1 22 -268 12165 101 99
Tue Nov  5 08:56:30 2019
1 23 -268 12166 101 98
Tue Nov  5 08:56:30 2019
1 24 -267 12166 101 97
Tue Nov  5 08:56:30 2019
1 25 -266 12164 100 97
Tue Nov  5 08:56:30 2019
1 26 -265 12163 101 94
Tue Nov  5 08:56:30 2019
1 27 -265 12163 102 93
Tue Nov  5 08:56:30 2019
1 28 -264 12167 103 92
Tue Nov  5 08:56:30 2019
1 29 -264 12167 104 91
Tue Nov  5 08:56:30 2019
1 30 -264 12168 103 91
Tue Nov  5 08:56:30 2019
1 31 -265 12167 101 90
Tue Nov  5 08:56:30 2019
1 32 -265 12168 102 94
Tue Nov  5 08:56:30 2019
1 33 -264 12167 101 93
Tue Nov  5 08:56:30 2019
1 34 -264 12168 103 97
Tue Nov  5 08:56:30 2019
1 35 -263 12169 104 97
Tue Nov  5 08:56:30 2019
1 36 -263 12169 105 100
Tue Nov  5 08:56:30 2019
1 37 -263 12168 103 99
Tue Nov  5 08:56:30 2019
1 38 -263 12169 101 98
Tue Nov  5 08:56:30 2019
1 39 -264 12167 101 97
Tue Nov  5 08:56:30 2019
1 40 -264 12167 100 94
Tue Nov  5 08:56:30 2019
1 41 -263 12167 101 95
Tue Nov  5 08:56:30 2019
1 42 -263 12163 102 96
Tue Nov  5 08:56:30 2019
1 43 -264 12165 101 98
Tue Nov  5 08:56:30 2019
1 44 -264 12165 100 97
Tue Nov  5 08:56:30 2019
1 45 -264 12164 100 97
Tue Nov  5 08:56:30 2019
1 46 -265 12163 102 98
Tue Nov  5 08:56:30 2019
1 47 -265 12162 102 97
Tue Nov  5 08:56:30 2019
1 48 -265 12161 103 98
Tue Nov  5 08:56:30 2019
1 49 -266 12165 104 97
Tue Nov  5 08:56:30 2019
1 50 -266 12164 103 95
Tue Nov  5 08:56:30 2019
1 51 -266 12163 102 93
Tue Nov  5 08:56:30 2019
1 52 -267 12163 102 96
Tue Nov  5 08:56:30 2019
1 53 -267 12166 101 98
Tue Nov  5 08:56:30 2019
1 54 -267 12167 100 97
Tue Nov  5 08:56:30 2019
1 55 -267 12168 100 97
Tue Nov  5 08:56:30 2019
1 56 -268 12167 101 96
Tue Nov  5 08:56:30 2019
1 57 -268 12168 103 96
Tue Nov  5 08:56:30 2019
1 58 -268 12167 101 98
Tue Nov  5 08:56:30 2019
1 59 -269 12168 100 97
Tue Nov  5 08:56:30 2019
1 60 -269 12167 100 97
Tue Nov  5 08:56:30 2019
1 61 -269 12169 101 99
Tue Nov  5 08:56:30 2019
1 62 -269 12165 104 99
Tue Nov  5 08:56:30 2019
1 63 -269 12166 103 98
Tue Nov  5 08:56:30 2019
1 64 -269 12165 102 97
Tue Nov  5 08:56:30 2019
1 65 -270 12167 100 97
Tue Nov  5 08:56:30 2019
1 66 -270 12168 101 97
Tue Nov  5 08:56:30 2019
1 67 -270 12169 102 99
Tue Nov  5 08:56:30 2019
1 68 -270 12166 102 98
Tue Nov  5 08:56:30 2019
1 69 -269 12165 103 95
Tue Nov  5 08:56:30 2019
1 70 -270 12167 102 94
Tue Nov  5 08:56:30 2019
1 71 -271 12168 101 90
Tue Nov  5 08:56:30 2019
1 72 -271 12169 102 94
Tue Nov  5 08:56:30 2019
1 73 -271 12166 101 94
Tue Nov  5 08:56:30 2019
1 74 -269 12166 103 97
Tue Nov  5 08:56:30 2019
1 75 -271 12165 104 97
Tue Nov  5 08:56:30 2019
1 76 -270 12167 105 96
Tue Nov  5 08:56:30 2019
1 77 -270 12168 103 97
Tue Nov  5 08:56:30 2019
1 78 -270 12169 102 98
Tue Nov  5 08:56:30 2019
1 79 -269 12165 101 97
Tue Nov  5 08:56:30 2019
1 80 -271 12167 100 97
Tue Nov  5 08:56:30 2019
1 81 -272 12164 101 98
Tue Nov  5 08:56:30 2019
1 82 -273 12163 102 99
Tue Nov  5 08:56:30 2019
1 83 -271 12167 101 98
Tue Nov  5 08:56:30 2019
1 84 -269 12165 101 98
Tue Nov  5 08:56:30 2019
1 85 -271 12164 102 97

